334
656
297
2022
2315
202
1512
1726
1080
1731
2725
3169
3071
2936
1960
1423
1970
3107
1924
2371
1422
717
458
1120
1258
173
515
1931
1011
43
69
1597
1597
779
1812
1144
2478
898
3410
2820
1720
2442
331
645
212
25
2658
1449
1896
138
1339
981
672
766
1953
1450
761
1192
126
565
1422
1326
1363
1408
60
1748
2957
1381
49
356
2275
1346
314
2268
976
2543
1975
1250
322
1846
158
2056
2017
3261
138
3394
1697
1537
101
647
3315
2087
1736
3345
1386
3092
1511
1695
1456
1989
2244
2542
2022
1363
1318
1367
2569
31
2378
9
3007
1428
250
1166
2087
565
491
2789
1191
714
868
2945
516
1255
2537
974
2625
2594
2498
1858
2662
188
813
2183
1716
1528
2640
1494
57
295
1081
1530
3242
256
2787
1114
3111
509
3198
2940
1191
2582
1061
143
1025
2029
2297
1597
2189
3145
1095
231
2312
550
1717
1419
2789
1365
1734
2392
1296
902
2861
3019
2157
2778
3353
1293
2798
981
2956
1354
2620
3055
3139
1954
2487
447
2923
2806
1108
647
218
2060
3208
528
788
251
58
2529
1068
3035
3199
2362
736
3007
2320
1179
955
3023
340
1955
2734
3184
2195
3046
3266
913
829
2630
2607
1493
1698
2985
2088
559
441
223
919
1330
3083
3368
106
3271
182
440
508
1471
3071
536
1225
2108
518
1674
918
2697
980
2894
924
1905
1256
1510
1567
497
999
3130
1061
2191
2978
3096
2809
1742
221
375
1812
2174
572
3227
304
2489
1303
86
2685
397
1337
3282
740
1741
1580
995
2631
1993
3324
834
2767
2115
2136
2190
1955
904
1261
1264
2022
2084
2876
2788
2586
2602
1135
69
1678
2634
2539
2381
3270
889
560
2005
959
1637
1734
2107
1434
277
878
2907
1284
214
1648
3243
3097
1221
517
1378
1928
2860
12
494
2529
695
37
474
2658
3031
907
2821
552
3389
1398
2205
1032
934
1536
1976
863
615
2499
1110
967
1515
1912
3277
469
3258
85
1718
1341
739
952
3077
816
1716
2126
1207
4
2311
256
1129
1641
339
2814
2550
1160
1589
1257
2187
1724
3210
1563
2458
2941
1844
2481
1913
1819
312
1152
270
1519
134
43
2404
883
2743
2187
1148
1467
744
3128
1427
1754
646
3412
170
2304
1767
2326
1553
678
2675
331
598
2950
3219
772
945
660
2109
3364
575
1847
2741
1505
1850
2757
1123
3280
421
1555
3050
1827
1028
2145
2943
1312
1460
2450
2321
163
977
185
319
239
1246
952
399
3220
1717
174
50
1428
92
1807
2424
721
2696
383
788
2474
2517
533
2160
1188
1200
278
1496
3026
1568
3380
2546
1093
1319
2308
1400
873
2600
3196
2514
610
2812
1525
407
94
1393
1691
45
28
242
3047
1908
199
2869
1469
2078
2802
91
2567
1947
2537
285
3121
665
2745
1391
1689
2423
2451
3250
2365
1510
1314
2130
17
363
1625
1497
2013
1254
905
1149
1223
1620
2744
922
590
1607
2816
3326
1569
3360
1360
2323
2508
84
910
3245
1768
2869
841
2491
3099
926
1302
1425
2298
1553
2320
671
2844
2767
923
1889
1390
2806
1335
1641
2653
1482
2962
20
309
3304
1553
1129
2873
1118
1103
2541
300
893
2256
2641
828
1946
3288
1316
1182
1044
2401
832
244
1327
1262
3101
1795
2245
888
603
2062
264
2008
2337
3183
1776
3122
1157
2392
2690
2515
3388
2822
1260
2529
878
3118
2094
3306
1752
2762
3400
2502
1659
2733
1859
490
843
901
2499
1650
1420
508
2630
1453
981
2591
864
2329
1656
1182
2392
1963
3399
1262
121
3377
2014
979
2317
2123
1967
650
2
1470
1178
2834
3093
2833
54
1558
381
2113
249
1132
3210
3400
1169
2445
2435
968
30
859
3406
2303
889
2746
3344
1718
1138
2294
1212
964
2277
706
2431
1500
962
1199
876
2517
1731
2609
2955
2344
2105
1716
2779
1809
1099
7
2946
2918
255
2337
2101
2711
2756
384
2587
676
1325
19
1636
3220
1296
1440
554
912
324
918
1242
544
2046
1202
2017
300
1844
1967
3150
1267
273
1842
1020
1335
675
893
2814
138
3378
962
1071
1934
2370
828
268
1045
243
2362
312
1197
1528
586
142
1079
1144
2176
3323
3242
1503
2749
2091
1531
248
2242
2681
2473
2991
1078
3267
1726
2691
2794
46
1977
1495
2225
2988
3187
1783
3094
1035
994
1935
2589
636
3311
791
2097
3263
2181
2571
2248
1945
1001
502
2936
1507
2737
2726
3099
1556
2754
438
1800
1119
515
2440
2997
3336
1199
2674
1364
2875
1868
1332
3253
283
1091
834
1188
490
3390
1153
2445
1780
2555
2251
2821
444
1940
1940
